{
 "cells": [
  {
   "cell_type": "code",
   "execution_count": 8,
   "metadata": {},
   "outputs": [],
   "source": [
    "import os\n",
    "import numpy as np\n",
    "import pandas as pd\n",
    "import seaborn as sns"
   ]
  },
  {
   "cell_type": "code",
   "execution_count": 9,
   "metadata": {},
   "outputs": [],
   "source": [
    "reviews = pd.read_csv('data/reviews.csv')"
   ]
  },
  {
   "cell_type": "markdown",
   "metadata": {},
   "source": [
    "## Correlation"
   ]
  },
  {
   "cell_type": "code",
   "execution_count": 10,
   "metadata": {},
   "outputs": [
    {
     "data": {
      "text/html": [
       "<div>\n",
       "<style scoped>\n",
       "    .dataframe tbody tr th:only-of-type {\n",
       "        vertical-align: middle;\n",
       "    }\n",
       "\n",
       "    .dataframe tbody tr th {\n",
       "        vertical-align: top;\n",
       "    }\n",
       "\n",
       "    .dataframe thead th {\n",
       "        text-align: right;\n",
       "    }\n",
       "</style>\n",
       "<table border=\"1\" class=\"dataframe\">\n",
       "  <thead>\n",
       "    <tr style=\"text-align: right;\">\n",
       "      <th></th>\n",
       "      <th>restaurant_id</th>\n",
       "      <th>Sfreq0</th>\n",
       "      <th>Sfreq1</th>\n",
       "      <th>Sfreq2</th>\n",
       "      <th>Sfreq3</th>\n",
       "      <th>Sfreq4</th>\n",
       "      <th>avgSentiment</th>\n",
       "      <th>friends</th>\n",
       "      <th>has_photo</th>\n",
       "      <th>numSentence</th>\n",
       "      <th>numWords</th>\n",
       "      <th>photos</th>\n",
       "      <th>rating</th>\n",
       "      <th>regular</th>\n",
       "      <th>reviews</th>\n",
       "      <th>totSentiment</th>\n",
       "      <th>extream</th>\n",
       "      <th>n_reviews</th>\n",
       "      <th>rating_restaurant</th>\n",
       "      <th>regular_ratio</th>\n",
       "    </tr>\n",
       "  </thead>\n",
       "  <tbody>\n",
       "    <tr>\n",
       "      <th>restaurant_id</th>\n",
       "      <td>1.000000e+00</td>\n",
       "      <td>1.345401e-02</td>\n",
       "      <td>7.274911e-04</td>\n",
       "      <td>1.055938e-02</td>\n",
       "      <td>1.042234e-02</td>\n",
       "      <td>-4.502627e-02</td>\n",
       "      <td>-1.741723e-02</td>\n",
       "      <td>5.359558e-03</td>\n",
       "      <td>9.637768e-02</td>\n",
       "      <td>3.305603e-04</td>\n",
       "      <td>1.096817e-02</td>\n",
       "      <td>-8.365587e-03</td>\n",
       "      <td>2.053414e-02</td>\n",
       "      <td>8.828842e-02</td>\n",
       "      <td>3.296830e-04</td>\n",
       "      <td>-9.852505e-03</td>\n",
       "      <td>-3.162278e-02</td>\n",
       "      <td>1.676855e-01</td>\n",
       "      <td>1.823625e-01</td>\n",
       "      <td>1.347870e-12</td>\n",
       "    </tr>\n",
       "    <tr>\n",
       "      <th>Sfreq0</th>\n",
       "      <td>1.345401e-02</td>\n",
       "      <td>1.000000e+00</td>\n",
       "      <td>-1.281437e-02</td>\n",
       "      <td>-2.581825e-02</td>\n",
       "      <td>-1.549182e-01</td>\n",
       "      <td>-5.839163e-02</td>\n",
       "      <td>-2.819085e-01</td>\n",
       "      <td>3.193959e-03</td>\n",
       "      <td>-6.581013e-02</td>\n",
       "      <td>6.440240e-03</td>\n",
       "      <td>6.479035e-02</td>\n",
       "      <td>6.504231e-03</td>\n",
       "      <td>-1.681065e-01</td>\n",
       "      <td>1.370308e-02</td>\n",
       "      <td>2.683874e-03</td>\n",
       "      <td>-5.940013e-02</td>\n",
       "      <td>-5.403584e-02</td>\n",
       "      <td>-1.940328e-02</td>\n",
       "      <td>-3.936381e-02</td>\n",
       "      <td>-4.539001e-15</td>\n",
       "    </tr>\n",
       "    <tr>\n",
       "      <th>Sfreq1</th>\n",
       "      <td>7.274911e-04</td>\n",
       "      <td>-1.281437e-02</td>\n",
       "      <td>1.000000e+00</td>\n",
       "      <td>-2.454274e-01</td>\n",
       "      <td>-6.847175e-01</td>\n",
       "      <td>-2.701849e-01</td>\n",
       "      <td>-8.676608e-01</td>\n",
       "      <td>4.594420e-02</td>\n",
       "      <td>2.327889e-02</td>\n",
       "      <td>2.672451e-01</td>\n",
       "      <td>3.435130e-01</td>\n",
       "      <td>3.737858e-02</td>\n",
       "      <td>-4.139386e-01</td>\n",
       "      <td>1.123191e-01</td>\n",
       "      <td>6.905213e-02</td>\n",
       "      <td>6.025996e-02</td>\n",
       "      <td>-1.571513e-01</td>\n",
       "      <td>-4.349341e-02</td>\n",
       "      <td>-1.131517e-01</td>\n",
       "      <td>4.187372e-13</td>\n",
       "    </tr>\n",
       "    <tr>\n",
       "      <th>Sfreq2</th>\n",
       "      <td>1.055938e-02</td>\n",
       "      <td>-2.581825e-02</td>\n",
       "      <td>-2.454274e-01</td>\n",
       "      <td>1.000000e+00</td>\n",
       "      <td>-3.670941e-01</td>\n",
       "      <td>-1.509105e-01</td>\n",
       "      <td>-1.164041e-01</td>\n",
       "      <td>2.244996e-02</td>\n",
       "      <td>-3.519816e-03</td>\n",
       "      <td>7.623321e-02</td>\n",
       "      <td>-3.184560e-02</td>\n",
       "      <td>1.764189e-03</td>\n",
       "      <td>-9.088947e-02</td>\n",
       "      <td>-1.538771e-03</td>\n",
       "      <td>5.861749e-03</td>\n",
       "      <td>6.239591e-02</td>\n",
       "      <td>-4.990182e-02</td>\n",
       "      <td>-8.205397e-03</td>\n",
       "      <td>-2.887690e-02</td>\n",
       "      <td>2.909234e-13</td>\n",
       "    </tr>\n",
       "    <tr>\n",
       "      <th>Sfreq3</th>\n",
       "      <td>1.042234e-02</td>\n",
       "      <td>-1.549182e-01</td>\n",
       "      <td>-6.847175e-01</td>\n",
       "      <td>-3.670941e-01</td>\n",
       "      <td>1.000000e+00</td>\n",
       "      <td>-9.018445e-02</td>\n",
       "      <td>7.485635e-01</td>\n",
       "      <td>-5.277300e-02</td>\n",
       "      <td>1.195061e-02</td>\n",
       "      <td>-2.597315e-01</td>\n",
       "      <td>-2.744841e-01</td>\n",
       "      <td>-3.010986e-02</td>\n",
       "      <td>4.078059e-01</td>\n",
       "      <td>-7.231698e-02</td>\n",
       "      <td>-5.661038e-02</td>\n",
       "      <td>-8.291964e-02</td>\n",
       "      <td>1.361248e-01</td>\n",
       "      <td>6.891251e-02</td>\n",
       "      <td>1.304103e-01</td>\n",
       "      <td>1.230314e-12</td>\n",
       "    </tr>\n",
       "    <tr>\n",
       "      <th>Sfreq4</th>\n",
       "      <td>-4.502627e-02</td>\n",
       "      <td>-5.839163e-02</td>\n",
       "      <td>-2.701849e-01</td>\n",
       "      <td>-1.509105e-01</td>\n",
       "      <td>-9.018445e-02</td>\n",
       "      <td>1.000000e+00</td>\n",
       "      <td>5.174906e-01</td>\n",
       "      <td>-1.791156e-02</td>\n",
       "      <td>-3.906551e-02</td>\n",
       "      <td>-1.199249e-01</td>\n",
       "      <td>-1.169470e-01</td>\n",
       "      <td>-1.956114e-02</td>\n",
       "      <td>2.059207e-01</td>\n",
       "      <td>-8.471898e-02</td>\n",
       "      <td>-3.361595e-02</td>\n",
       "      <td>-1.361154e-02</td>\n",
       "      <td>1.357786e-01</td>\n",
       "      <td>-3.480197e-02</td>\n",
       "      <td>1.901997e-02</td>\n",
       "      <td>-1.573220e-13</td>\n",
       "    </tr>\n",
       "    <tr>\n",
       "      <th>avgSentiment</th>\n",
       "      <td>-1.741723e-02</td>\n",
       "      <td>-2.819085e-01</td>\n",
       "      <td>-8.676608e-01</td>\n",
       "      <td>-1.164041e-01</td>\n",
       "      <td>7.485635e-01</td>\n",
       "      <td>5.174906e-01</td>\n",
       "      <td>1.000000e+00</td>\n",
       "      <td>-5.258617e-02</td>\n",
       "      <td>-8.950332e-03</td>\n",
       "      <td>-2.888817e-01</td>\n",
       "      <td>-3.394551e-01</td>\n",
       "      <td>-3.985962e-02</td>\n",
       "      <td>4.890033e-01</td>\n",
       "      <td>-1.215027e-01</td>\n",
       "      <td>-7.120890e-02</td>\n",
       "      <td>-5.871042e-02</td>\n",
       "      <td>1.998899e-01</td>\n",
       "      <td>3.942068e-02</td>\n",
       "      <td>1.250634e-01</td>\n",
       "      <td>1.081864e-13</td>\n",
       "    </tr>\n",
       "    <tr>\n",
       "      <th>friends</th>\n",
       "      <td>5.359558e-03</td>\n",
       "      <td>3.193959e-03</td>\n",
       "      <td>4.594420e-02</td>\n",
       "      <td>2.244996e-02</td>\n",
       "      <td>-5.277300e-02</td>\n",
       "      <td>-1.791156e-02</td>\n",
       "      <td>-5.258617e-02</td>\n",
       "      <td>1.000000e+00</td>\n",
       "      <td>1.503613e-01</td>\n",
       "      <td>1.802660e-01</td>\n",
       "      <td>1.838557e-01</td>\n",
       "      <td>4.016198e-01</td>\n",
       "      <td>-5.304080e-03</td>\n",
       "      <td>9.164874e-02</td>\n",
       "      <td>5.732090e-01</td>\n",
       "      <td>1.755398e-01</td>\n",
       "      <td>-9.991301e-02</td>\n",
       "      <td>1.259693e-02</td>\n",
       "      <td>-8.690653e-03</td>\n",
       "      <td>-1.773175e-14</td>\n",
       "    </tr>\n",
       "    <tr>\n",
       "      <th>has_photo</th>\n",
       "      <td>9.637768e-02</td>\n",
       "      <td>-6.581013e-02</td>\n",
       "      <td>2.327889e-02</td>\n",
       "      <td>-3.519816e-03</td>\n",
       "      <td>1.195061e-02</td>\n",
       "      <td>-3.906551e-02</td>\n",
       "      <td>-8.950332e-03</td>\n",
       "      <td>1.503613e-01</td>\n",
       "      <td>1.000000e+00</td>\n",
       "      <td>8.870072e-02</td>\n",
       "      <td>8.619919e-02</td>\n",
       "      <td>5.425502e-02</td>\n",
       "      <td>9.367072e-02</td>\n",
       "      <td>2.104912e-01</td>\n",
       "      <td>1.282619e-01</td>\n",
       "      <td>9.397004e-02</td>\n",
       "      <td>-5.876800e-02</td>\n",
       "      <td>1.055639e-01</td>\n",
       "      <td>1.078792e-01</td>\n",
       "      <td>-1.153667e-13</td>\n",
       "    </tr>\n",
       "    <tr>\n",
       "      <th>numSentence</th>\n",
       "      <td>3.305603e-04</td>\n",
       "      <td>6.440240e-03</td>\n",
       "      <td>2.672451e-01</td>\n",
       "      <td>7.623321e-02</td>\n",
       "      <td>-2.597315e-01</td>\n",
       "      <td>-1.199249e-01</td>\n",
       "      <td>-2.888817e-01</td>\n",
       "      <td>1.802660e-01</td>\n",
       "      <td>8.870072e-02</td>\n",
       "      <td>1.000000e+00</td>\n",
       "      <td>9.092495e-01</td>\n",
       "      <td>1.038749e-01</td>\n",
       "      <td>-1.566700e-01</td>\n",
       "      <td>1.452493e-01</td>\n",
       "      <td>1.446512e-01</td>\n",
       "      <td>9.513439e-01</td>\n",
       "      <td>-1.245935e-01</td>\n",
       "      <td>-2.718777e-04</td>\n",
       "      <td>-4.191220e-02</td>\n",
       "      <td>1.001894e-13</td>\n",
       "    </tr>\n",
       "    <tr>\n",
       "      <th>numWords</th>\n",
       "      <td>1.096817e-02</td>\n",
       "      <td>6.479035e-02</td>\n",
       "      <td>3.435130e-01</td>\n",
       "      <td>-3.184560e-02</td>\n",
       "      <td>-2.744841e-01</td>\n",
       "      <td>-1.169470e-01</td>\n",
       "      <td>-3.394551e-01</td>\n",
       "      <td>1.838557e-01</td>\n",
       "      <td>8.619919e-02</td>\n",
       "      <td>9.092495e-01</td>\n",
       "      <td>1.000000e+00</td>\n",
       "      <td>1.163606e-01</td>\n",
       "      <td>-2.018399e-01</td>\n",
       "      <td>1.399530e-01</td>\n",
       "      <td>1.552380e-01</td>\n",
       "      <td>8.292735e-01</td>\n",
       "      <td>-1.613297e-01</td>\n",
       "      <td>-3.786131e-04</td>\n",
       "      <td>-4.161514e-02</td>\n",
       "      <td>-6.030858e-14</td>\n",
       "    </tr>\n",
       "    <tr>\n",
       "      <th>photos</th>\n",
       "      <td>-8.365587e-03</td>\n",
       "      <td>6.504231e-03</td>\n",
       "      <td>3.737858e-02</td>\n",
       "      <td>1.764189e-03</td>\n",
       "      <td>-3.010986e-02</td>\n",
       "      <td>-1.956114e-02</td>\n",
       "      <td>-3.985962e-02</td>\n",
       "      <td>4.016198e-01</td>\n",
       "      <td>5.425502e-02</td>\n",
       "      <td>1.038749e-01</td>\n",
       "      <td>1.163606e-01</td>\n",
       "      <td>1.000000e+00</td>\n",
       "      <td>-1.553729e-02</td>\n",
       "      <td>3.944485e-02</td>\n",
       "      <td>4.922450e-01</td>\n",
       "      <td>9.647972e-02</td>\n",
       "      <td>-5.786580e-02</td>\n",
       "      <td>-1.901411e-02</td>\n",
       "      <td>-2.300275e-02</td>\n",
       "      <td>-3.076751e-14</td>\n",
       "    </tr>\n",
       "    <tr>\n",
       "      <th>rating</th>\n",
       "      <td>2.053414e-02</td>\n",
       "      <td>-1.681065e-01</td>\n",
       "      <td>-4.139386e-01</td>\n",
       "      <td>-9.088947e-02</td>\n",
       "      <td>4.078059e-01</td>\n",
       "      <td>2.059207e-01</td>\n",
       "      <td>4.890033e-01</td>\n",
       "      <td>-5.304080e-03</td>\n",
       "      <td>9.367072e-02</td>\n",
       "      <td>-1.566700e-01</td>\n",
       "      <td>-2.018399e-01</td>\n",
       "      <td>-1.553729e-02</td>\n",
       "      <td>1.000000e+00</td>\n",
       "      <td>-2.236215e-02</td>\n",
       "      <td>-4.790798e-02</td>\n",
       "      <td>-4.041640e-03</td>\n",
       "      <td>4.296328e-01</td>\n",
       "      <td>1.658214e-01</td>\n",
       "      <td>3.115737e-01</td>\n",
       "      <td>1.970877e-13</td>\n",
       "    </tr>\n",
       "    <tr>\n",
       "      <th>regular</th>\n",
       "      <td>8.828842e-02</td>\n",
       "      <td>1.370308e-02</td>\n",
       "      <td>1.123191e-01</td>\n",
       "      <td>-1.538771e-03</td>\n",
       "      <td>-7.231698e-02</td>\n",
       "      <td>-8.471898e-02</td>\n",
       "      <td>-1.215027e-01</td>\n",
       "      <td>9.164874e-02</td>\n",
       "      <td>2.104912e-01</td>\n",
       "      <td>1.452493e-01</td>\n",
       "      <td>1.399530e-01</td>\n",
       "      <td>3.944485e-02</td>\n",
       "      <td>-2.236215e-02</td>\n",
       "      <td>1.000000e+00</td>\n",
       "      <td>1.031408e-01</td>\n",
       "      <td>1.350291e-01</td>\n",
       "      <td>-8.424986e-02</td>\n",
       "      <td>-1.148589e-02</td>\n",
       "      <td>6.872193e-02</td>\n",
       "      <td>-6.410063e-14</td>\n",
       "    </tr>\n",
       "    <tr>\n",
       "      <th>reviews</th>\n",
       "      <td>3.296830e-04</td>\n",
       "      <td>2.683874e-03</td>\n",
       "      <td>6.905213e-02</td>\n",
       "      <td>5.861749e-03</td>\n",
       "      <td>-5.661038e-02</td>\n",
       "      <td>-3.361595e-02</td>\n",
       "      <td>-7.120890e-02</td>\n",
       "      <td>5.732090e-01</td>\n",
       "      <td>1.282619e-01</td>\n",
       "      <td>1.446512e-01</td>\n",
       "      <td>1.552380e-01</td>\n",
       "      <td>4.922450e-01</td>\n",
       "      <td>-4.790798e-02</td>\n",
       "      <td>1.031408e-01</td>\n",
       "      <td>1.000000e+00</td>\n",
       "      <td>1.338310e-01</td>\n",
       "      <td>-1.551656e-01</td>\n",
       "      <td>-2.947877e-02</td>\n",
       "      <td>-3.185308e-02</td>\n",
       "      <td>-1.588395e-14</td>\n",
       "    </tr>\n",
       "    <tr>\n",
       "      <th>totSentiment</th>\n",
       "      <td>-9.852505e-03</td>\n",
       "      <td>-5.940013e-02</td>\n",
       "      <td>6.025996e-02</td>\n",
       "      <td>6.239591e-02</td>\n",
       "      <td>-8.291964e-02</td>\n",
       "      <td>-1.361154e-02</td>\n",
       "      <td>-5.871042e-02</td>\n",
       "      <td>1.755398e-01</td>\n",
       "      <td>9.397004e-02</td>\n",
       "      <td>9.513439e-01</td>\n",
       "      <td>8.292735e-01</td>\n",
       "      <td>9.647972e-02</td>\n",
       "      <td>-4.041640e-03</td>\n",
       "      <td>1.350291e-01</td>\n",
       "      <td>1.338310e-01</td>\n",
       "      <td>1.000000e+00</td>\n",
       "      <td>-6.842520e-02</td>\n",
       "      <td>1.015725e-03</td>\n",
       "      <td>-1.212872e-02</td>\n",
       "      <td>5.281903e-14</td>\n",
       "    </tr>\n",
       "    <tr>\n",
       "      <th>extream</th>\n",
       "      <td>-3.162278e-02</td>\n",
       "      <td>-5.403584e-02</td>\n",
       "      <td>-1.571513e-01</td>\n",
       "      <td>-4.990182e-02</td>\n",
       "      <td>1.361248e-01</td>\n",
       "      <td>1.357786e-01</td>\n",
       "      <td>1.998899e-01</td>\n",
       "      <td>-9.991301e-02</td>\n",
       "      <td>-5.876800e-02</td>\n",
       "      <td>-1.245935e-01</td>\n",
       "      <td>-1.613297e-01</td>\n",
       "      <td>-5.786580e-02</td>\n",
       "      <td>4.296328e-01</td>\n",
       "      <td>-8.424986e-02</td>\n",
       "      <td>-1.551656e-01</td>\n",
       "      <td>-6.842520e-02</td>\n",
       "      <td>1.000000e+00</td>\n",
       "      <td>8.330174e-02</td>\n",
       "      <td>1.247429e-01</td>\n",
       "      <td>-1.335195e-13</td>\n",
       "    </tr>\n",
       "    <tr>\n",
       "      <th>n_reviews</th>\n",
       "      <td>1.676855e-01</td>\n",
       "      <td>-1.940328e-02</td>\n",
       "      <td>-4.349341e-02</td>\n",
       "      <td>-8.205397e-03</td>\n",
       "      <td>6.891251e-02</td>\n",
       "      <td>-3.480197e-02</td>\n",
       "      <td>3.942068e-02</td>\n",
       "      <td>1.259693e-02</td>\n",
       "      <td>1.055639e-01</td>\n",
       "      <td>-2.718777e-04</td>\n",
       "      <td>-3.786131e-04</td>\n",
       "      <td>-1.901411e-02</td>\n",
       "      <td>1.658214e-01</td>\n",
       "      <td>-1.148589e-02</td>\n",
       "      <td>-2.947877e-02</td>\n",
       "      <td>1.015725e-03</td>\n",
       "      <td>8.330174e-02</td>\n",
       "      <td>1.000000e+00</td>\n",
       "      <td>3.660595e-01</td>\n",
       "      <td>-7.633405e-14</td>\n",
       "    </tr>\n",
       "    <tr>\n",
       "      <th>rating_restaurant</th>\n",
       "      <td>1.823625e-01</td>\n",
       "      <td>-3.936381e-02</td>\n",
       "      <td>-1.131517e-01</td>\n",
       "      <td>-2.887690e-02</td>\n",
       "      <td>1.304103e-01</td>\n",
       "      <td>1.901997e-02</td>\n",
       "      <td>1.250634e-01</td>\n",
       "      <td>-8.690653e-03</td>\n",
       "      <td>1.078792e-01</td>\n",
       "      <td>-4.191220e-02</td>\n",
       "      <td>-4.161514e-02</td>\n",
       "      <td>-2.300275e-02</td>\n",
       "      <td>3.115737e-01</td>\n",
       "      <td>6.872193e-02</td>\n",
       "      <td>-3.185308e-02</td>\n",
       "      <td>-1.212872e-02</td>\n",
       "      <td>1.247429e-01</td>\n",
       "      <td>3.660595e-01</td>\n",
       "      <td>1.000000e+00</td>\n",
       "      <td>-3.529042e-13</td>\n",
       "    </tr>\n",
       "    <tr>\n",
       "      <th>regular_ratio</th>\n",
       "      <td>1.347870e-12</td>\n",
       "      <td>-4.539001e-15</td>\n",
       "      <td>4.187372e-13</td>\n",
       "      <td>2.909234e-13</td>\n",
       "      <td>1.230314e-12</td>\n",
       "      <td>-1.573220e-13</td>\n",
       "      <td>1.081864e-13</td>\n",
       "      <td>-1.773175e-14</td>\n",
       "      <td>-1.153667e-13</td>\n",
       "      <td>1.001894e-13</td>\n",
       "      <td>-6.030858e-14</td>\n",
       "      <td>-3.076751e-14</td>\n",
       "      <td>1.970877e-13</td>\n",
       "      <td>-6.410063e-14</td>\n",
       "      <td>-1.588395e-14</td>\n",
       "      <td>5.281903e-14</td>\n",
       "      <td>-1.335195e-13</td>\n",
       "      <td>-7.633405e-14</td>\n",
       "      <td>-3.529042e-13</td>\n",
       "      <td>1.000000e+00</td>\n",
       "    </tr>\n",
       "  </tbody>\n",
       "</table>\n",
       "</div>"
      ],
      "text/plain": [
       "                   restaurant_id        Sfreq0        Sfreq1        Sfreq2  \\\n",
       "restaurant_id       1.000000e+00  1.345401e-02  7.274911e-04  1.055938e-02   \n",
       "Sfreq0              1.345401e-02  1.000000e+00 -1.281437e-02 -2.581825e-02   \n",
       "Sfreq1              7.274911e-04 -1.281437e-02  1.000000e+00 -2.454274e-01   \n",
       "Sfreq2              1.055938e-02 -2.581825e-02 -2.454274e-01  1.000000e+00   \n",
       "Sfreq3              1.042234e-02 -1.549182e-01 -6.847175e-01 -3.670941e-01   \n",
       "Sfreq4             -4.502627e-02 -5.839163e-02 -2.701849e-01 -1.509105e-01   \n",
       "avgSentiment       -1.741723e-02 -2.819085e-01 -8.676608e-01 -1.164041e-01   \n",
       "friends             5.359558e-03  3.193959e-03  4.594420e-02  2.244996e-02   \n",
       "has_photo           9.637768e-02 -6.581013e-02  2.327889e-02 -3.519816e-03   \n",
       "numSentence         3.305603e-04  6.440240e-03  2.672451e-01  7.623321e-02   \n",
       "numWords            1.096817e-02  6.479035e-02  3.435130e-01 -3.184560e-02   \n",
       "photos             -8.365587e-03  6.504231e-03  3.737858e-02  1.764189e-03   \n",
       "rating              2.053414e-02 -1.681065e-01 -4.139386e-01 -9.088947e-02   \n",
       "regular             8.828842e-02  1.370308e-02  1.123191e-01 -1.538771e-03   \n",
       "reviews             3.296830e-04  2.683874e-03  6.905213e-02  5.861749e-03   \n",
       "totSentiment       -9.852505e-03 -5.940013e-02  6.025996e-02  6.239591e-02   \n",
       "extream            -3.162278e-02 -5.403584e-02 -1.571513e-01 -4.990182e-02   \n",
       "n_reviews           1.676855e-01 -1.940328e-02 -4.349341e-02 -8.205397e-03   \n",
       "rating_restaurant   1.823625e-01 -3.936381e-02 -1.131517e-01 -2.887690e-02   \n",
       "regular_ratio       1.347870e-12 -4.539001e-15  4.187372e-13  2.909234e-13   \n",
       "\n",
       "                         Sfreq3        Sfreq4  avgSentiment       friends  \\\n",
       "restaurant_id      1.042234e-02 -4.502627e-02 -1.741723e-02  5.359558e-03   \n",
       "Sfreq0            -1.549182e-01 -5.839163e-02 -2.819085e-01  3.193959e-03   \n",
       "Sfreq1            -6.847175e-01 -2.701849e-01 -8.676608e-01  4.594420e-02   \n",
       "Sfreq2            -3.670941e-01 -1.509105e-01 -1.164041e-01  2.244996e-02   \n",
       "Sfreq3             1.000000e+00 -9.018445e-02  7.485635e-01 -5.277300e-02   \n",
       "Sfreq4            -9.018445e-02  1.000000e+00  5.174906e-01 -1.791156e-02   \n",
       "avgSentiment       7.485635e-01  5.174906e-01  1.000000e+00 -5.258617e-02   \n",
       "friends           -5.277300e-02 -1.791156e-02 -5.258617e-02  1.000000e+00   \n",
       "has_photo          1.195061e-02 -3.906551e-02 -8.950332e-03  1.503613e-01   \n",
       "numSentence       -2.597315e-01 -1.199249e-01 -2.888817e-01  1.802660e-01   \n",
       "numWords          -2.744841e-01 -1.169470e-01 -3.394551e-01  1.838557e-01   \n",
       "photos            -3.010986e-02 -1.956114e-02 -3.985962e-02  4.016198e-01   \n",
       "rating             4.078059e-01  2.059207e-01  4.890033e-01 -5.304080e-03   \n",
       "regular           -7.231698e-02 -8.471898e-02 -1.215027e-01  9.164874e-02   \n",
       "reviews           -5.661038e-02 -3.361595e-02 -7.120890e-02  5.732090e-01   \n",
       "totSentiment      -8.291964e-02 -1.361154e-02 -5.871042e-02  1.755398e-01   \n",
       "extream            1.361248e-01  1.357786e-01  1.998899e-01 -9.991301e-02   \n",
       "n_reviews          6.891251e-02 -3.480197e-02  3.942068e-02  1.259693e-02   \n",
       "rating_restaurant  1.304103e-01  1.901997e-02  1.250634e-01 -8.690653e-03   \n",
       "regular_ratio      1.230314e-12 -1.573220e-13  1.081864e-13 -1.773175e-14   \n",
       "\n",
       "                      has_photo   numSentence      numWords        photos  \\\n",
       "restaurant_id      9.637768e-02  3.305603e-04  1.096817e-02 -8.365587e-03   \n",
       "Sfreq0            -6.581013e-02  6.440240e-03  6.479035e-02  6.504231e-03   \n",
       "Sfreq1             2.327889e-02  2.672451e-01  3.435130e-01  3.737858e-02   \n",
       "Sfreq2            -3.519816e-03  7.623321e-02 -3.184560e-02  1.764189e-03   \n",
       "Sfreq3             1.195061e-02 -2.597315e-01 -2.744841e-01 -3.010986e-02   \n",
       "Sfreq4            -3.906551e-02 -1.199249e-01 -1.169470e-01 -1.956114e-02   \n",
       "avgSentiment      -8.950332e-03 -2.888817e-01 -3.394551e-01 -3.985962e-02   \n",
       "friends            1.503613e-01  1.802660e-01  1.838557e-01  4.016198e-01   \n",
       "has_photo          1.000000e+00  8.870072e-02  8.619919e-02  5.425502e-02   \n",
       "numSentence        8.870072e-02  1.000000e+00  9.092495e-01  1.038749e-01   \n",
       "numWords           8.619919e-02  9.092495e-01  1.000000e+00  1.163606e-01   \n",
       "photos             5.425502e-02  1.038749e-01  1.163606e-01  1.000000e+00   \n",
       "rating             9.367072e-02 -1.566700e-01 -2.018399e-01 -1.553729e-02   \n",
       "regular            2.104912e-01  1.452493e-01  1.399530e-01  3.944485e-02   \n",
       "reviews            1.282619e-01  1.446512e-01  1.552380e-01  4.922450e-01   \n",
       "totSentiment       9.397004e-02  9.513439e-01  8.292735e-01  9.647972e-02   \n",
       "extream           -5.876800e-02 -1.245935e-01 -1.613297e-01 -5.786580e-02   \n",
       "n_reviews          1.055639e-01 -2.718777e-04 -3.786131e-04 -1.901411e-02   \n",
       "rating_restaurant  1.078792e-01 -4.191220e-02 -4.161514e-02 -2.300275e-02   \n",
       "regular_ratio     -1.153667e-13  1.001894e-13 -6.030858e-14 -3.076751e-14   \n",
       "\n",
       "                         rating       regular       reviews  totSentiment  \\\n",
       "restaurant_id      2.053414e-02  8.828842e-02  3.296830e-04 -9.852505e-03   \n",
       "Sfreq0            -1.681065e-01  1.370308e-02  2.683874e-03 -5.940013e-02   \n",
       "Sfreq1            -4.139386e-01  1.123191e-01  6.905213e-02  6.025996e-02   \n",
       "Sfreq2            -9.088947e-02 -1.538771e-03  5.861749e-03  6.239591e-02   \n",
       "Sfreq3             4.078059e-01 -7.231698e-02 -5.661038e-02 -8.291964e-02   \n",
       "Sfreq4             2.059207e-01 -8.471898e-02 -3.361595e-02 -1.361154e-02   \n",
       "avgSentiment       4.890033e-01 -1.215027e-01 -7.120890e-02 -5.871042e-02   \n",
       "friends           -5.304080e-03  9.164874e-02  5.732090e-01  1.755398e-01   \n",
       "has_photo          9.367072e-02  2.104912e-01  1.282619e-01  9.397004e-02   \n",
       "numSentence       -1.566700e-01  1.452493e-01  1.446512e-01  9.513439e-01   \n",
       "numWords          -2.018399e-01  1.399530e-01  1.552380e-01  8.292735e-01   \n",
       "photos            -1.553729e-02  3.944485e-02  4.922450e-01  9.647972e-02   \n",
       "rating             1.000000e+00 -2.236215e-02 -4.790798e-02 -4.041640e-03   \n",
       "regular           -2.236215e-02  1.000000e+00  1.031408e-01  1.350291e-01   \n",
       "reviews           -4.790798e-02  1.031408e-01  1.000000e+00  1.338310e-01   \n",
       "totSentiment      -4.041640e-03  1.350291e-01  1.338310e-01  1.000000e+00   \n",
       "extream            4.296328e-01 -8.424986e-02 -1.551656e-01 -6.842520e-02   \n",
       "n_reviews          1.658214e-01 -1.148589e-02 -2.947877e-02  1.015725e-03   \n",
       "rating_restaurant  3.115737e-01  6.872193e-02 -3.185308e-02 -1.212872e-02   \n",
       "regular_ratio      1.970877e-13 -6.410063e-14 -1.588395e-14  5.281903e-14   \n",
       "\n",
       "                        extream     n_reviews  rating_restaurant  \\\n",
       "restaurant_id     -3.162278e-02  1.676855e-01       1.823625e-01   \n",
       "Sfreq0            -5.403584e-02 -1.940328e-02      -3.936381e-02   \n",
       "Sfreq1            -1.571513e-01 -4.349341e-02      -1.131517e-01   \n",
       "Sfreq2            -4.990182e-02 -8.205397e-03      -2.887690e-02   \n",
       "Sfreq3             1.361248e-01  6.891251e-02       1.304103e-01   \n",
       "Sfreq4             1.357786e-01 -3.480197e-02       1.901997e-02   \n",
       "avgSentiment       1.998899e-01  3.942068e-02       1.250634e-01   \n",
       "friends           -9.991301e-02  1.259693e-02      -8.690653e-03   \n",
       "has_photo         -5.876800e-02  1.055639e-01       1.078792e-01   \n",
       "numSentence       -1.245935e-01 -2.718777e-04      -4.191220e-02   \n",
       "numWords          -1.613297e-01 -3.786131e-04      -4.161514e-02   \n",
       "photos            -5.786580e-02 -1.901411e-02      -2.300275e-02   \n",
       "rating             4.296328e-01  1.658214e-01       3.115737e-01   \n",
       "regular           -8.424986e-02 -1.148589e-02       6.872193e-02   \n",
       "reviews           -1.551656e-01 -2.947877e-02      -3.185308e-02   \n",
       "totSentiment      -6.842520e-02  1.015725e-03      -1.212872e-02   \n",
       "extream            1.000000e+00  8.330174e-02       1.247429e-01   \n",
       "n_reviews          8.330174e-02  1.000000e+00       3.660595e-01   \n",
       "rating_restaurant  1.247429e-01  3.660595e-01       1.000000e+00   \n",
       "regular_ratio     -1.335195e-13 -7.633405e-14      -3.529042e-13   \n",
       "\n",
       "                   regular_ratio  \n",
       "restaurant_id       1.347870e-12  \n",
       "Sfreq0             -4.539001e-15  \n",
       "Sfreq1              4.187372e-13  \n",
       "Sfreq2              2.909234e-13  \n",
       "Sfreq3              1.230314e-12  \n",
       "Sfreq4             -1.573220e-13  \n",
       "avgSentiment        1.081864e-13  \n",
       "friends            -1.773175e-14  \n",
       "has_photo          -1.153667e-13  \n",
       "numSentence         1.001894e-13  \n",
       "numWords           -6.030858e-14  \n",
       "photos             -3.076751e-14  \n",
       "rating              1.970877e-13  \n",
       "regular            -6.410063e-14  \n",
       "reviews            -1.588395e-14  \n",
       "totSentiment        5.281903e-14  \n",
       "extream            -1.335195e-13  \n",
       "n_reviews          -7.633405e-14  \n",
       "rating_restaurant  -3.529042e-13  \n",
       "regular_ratio       1.000000e+00  "
      ]
     },
     "execution_count": 10,
     "metadata": {},
     "output_type": "execute_result"
    }
   ],
   "source": [
    "# corr.coef\n",
    "reviews.corr()"
   ]
  },
  {
   "cell_type": "code",
   "execution_count": 11,
   "metadata": {},
   "outputs": [
    {
     "data": {
      "text/plain": [
       "<matplotlib.axes._subplots.AxesSubplot at 0x1146ae588>"
      ]
     },
     "execution_count": 11,
     "metadata": {},
     "output_type": "execute_result"
    },
    {
     "data": {
